$ 2 0.000005 45.7144713268909 51 5 40 5e-11
L -632 320 -696 320 2 0 false 5 0
L -632 352 -696 352 2 0 false 5 0
L -632 384 -696 384 2 0 false 5 0
L -632 416 -696 416 2 0 false 5 0
w 8 -424 8 504 0
w 24 -432 24 536 0
w -8 -416 -8 1688 0
w -24 -408 -24 440 0
w -368 320 -96 320 0
w -320 352 -80 352 0
w -272 384 -64 384 0
w -224 416 -48 416 0
w -96 320 -96 1024 0
w -80 352 -80 992 0
w -64 384 -64 960 0
w -48 416 -48 928 0
w 80 -856 80 240 0
w -216 240 80 240 0
w 80 384 80 680 0
w 64 -888 64 272 0
w -488 272 64 272 0
w 64 272 64 752 0
w 64 752 64 1344 0
w 88 1024 -96 1024 0
w 96 992 -80 992 0
w 104 960 -64 960 0
w 112 928 -48 928 0
w -96 1024 -96 1408 0
w -80 992 -80 1408 0
w -64 960 -64 1408 0
w -48 928 -48 1408 0
L -488 272 -536 272 0 0 true 5 0
150 144 736 240 736 0 2 0 5
I 240 736 304 736 0 0.5 5
w 304 816 304 864 0
150 352 800 480 800 0 2 5 5
w 304 816 352 816 0
x -624 279 -555 282 4 30 Write
x -744 327 -731 330 4 24 1
x -743 357 -730 360 4 24 2
x -743 387 -730 390 4 24 4
x -743 420 -730 423 4 24 8
w 304 864 432 864 0
w 680 488 848 488 0
w 688 496 832 496 0
w 696 504 816 504 0
w 680 488 680 512 0
w 656 488 680 488 0
w 688 496 688 512 0
w 552 496 688 496 0
w 696 504 696 512 0
w 568 504 696 504 0
150 688 512 688 584 1 3 0 5
w 400 504 568 504 0
w 568 504 568 512 0
w 552 496 552 512 0
w 528 496 552 496 0
w 528 584 528 496 0
150 560 512 560 584 1 2 0 5
w 688 696 688 616 0
w 560 696 688 696 0
w 560 696 432 696 0
w 560 616 560 696 0
w 432 696 432 616 0
w 304 696 432 696 0
w 400 584 416 584 0
w 304 616 304 696 0
R 288 584 256 584 0 0 40 5 0 0 0.5
w 400 584 400 504 0
w 656 584 656 488 0
w 784 584 784 480 0
w 288 648 304 648 0
w 288 584 288 648 0
w 304 584 288 584 0
w 416 648 432 648 0
w 416 584 416 648 0
w 432 584 416 584 0
w 544 584 560 584 0
w 544 648 544 584 0
w 544 648 560 648 0
w 672 648 688 648 0
w 672 584 672 648 0
w 688 584 672 584 0
156 688 584 704 584 0 0
156 560 584 592 584 0 0
156 432 584 464 584 0 0
156 304 584 352 584 0 0
w 816 504 816 1024 0
w 640 1024 816 1024 0
w 688 992 832 992 0
w 832 496 832 992 0
w 848 488 848 960 0
w 744 960 848 960 0
w 800 928 864 928 0
w 784 480 864 480 0
w 864 480 864 928 0
413 336 896 368 896 1024 4 4 0 1 2 3 4 5 0 0 0 0 0 0 0 0 0 0 0 -1 -2
w 136 752 64 752 0
422 520 928 432 928 0 0.00009999999999999999 2.5 5
422 520 992 432 992 0 0.00009999999999999999 2.5 5
422 520 960 432 960 0 0.00009999999999999999 2.5 5
422 520 1024 432 1024 0 0.00009999999999999999 2.5 5
L 1064 872 1096 872 0 1 false 5 0
L 1064 904 1096 904 0 0 false 5 0
L 1064 936 1096 936 0 1 false 5 0
L 1064 968 1096 968 0 0 false 5 0
w 432 864 432 896 0
w 136 752 136 696 0
w 304 696 136 696 0
x 464 884 785 887 4 24 delay\sbuffer\sfor\ssecurity\s100us
x 126 462 237 465 6 50 RAM
w -632 320 -600 320 0
w -632 352 -592 352 0
w -632 384 -576 384 0
w -632 416 -568 416 0
w -600 320 -600 496 0
w -592 352 -592 480 0
w -576 384 -576 472 0
w -568 416 -568 464 0
w -600 320 -448 320 0
w -592 352 -400 352 0
w -568 416 -304 416 0
w -576 384 -352 384 0
152 -552 480 -472 480 1 4 0 5
w -552 464 -568 464 0
w -552 472 -576 472 0
w -552 488 -592 488 0
w -552 496 -600 496 0
w -544 528 -568 528 0
w -568 464 -568 528 0
w -544 536 -576 536 0
w -576 472 -576 536 0
w -544 552 -592 552 0
w -592 488 -592 552 0
w -544 560 -600 560 0
w -600 496 -600 560 0
153 -544 544 -472 544 1 4 5 5
152 -456 512 -368 512 1 2 5 5
w -472 480 -472 504 0
w -456 520 -472 520 0
w -472 520 -472 544 0
w -456 504 -472 504 0
w -488 272 -488 448 0
w -488 448 -448 448 0
w -448 448 -448 480 0
w -448 480 -368 480 0
150 -368 496 -280 496 1 2 0 5
w -368 480 -368 488 0
w -368 504 -368 512 0
w -264 464 -312 464 0
w -408 336 -408 464 0
w -360 368 -360 464 0
w -360 464 -408 464 0
w -312 400 -312 464 0
w -312 464 -360 464 0
w -592 480 -592 488 0
w 56 184 56 -896 0
w 56 184 56 512 0
w -232 184 56 184 0
w 56 512 104 512 0
180 -400 352 -320 352 0 0.1 10000000000 100000000
180 -448 320 -368 320 0 0.1 10000000000 100000000
180 -352 384 -272 384 0 0.1 10000000000 100000000
180 -304 416 -224 416 0 0.1 10000000000 100000000
w -264 432 -264 464 0
w -264 464 -264 496 0
w -280 496 -264 496 0
w 480 840 336 840 0
w 336 840 336 896 0
w 544 800 544 840 0
I 480 800 544 800 0 0.5 5
w 544 840 480 840 0
w 336 896 296 896 0
I 240 872 128 872 0 0.5 5
w 128 872 128 960 0
w 296 872 240 872 0
w 296 896 296 944 0
w 336 928 304 928 0
w 336 960 312 960 0
w 336 992 320 992 0
w 336 1024 328 1024 0
w 328 1024 328 1192 0
w 320 992 320 1104 0
w 312 960 312 1016 0
w 88 1024 88 1192 0
w 96 992 96 1104 0
w 104 960 104 1016 0
180 152 928 264 928 0 0.1 10000000000 100000000
180 264 976 152 976 0 0.1 10000000000 100000000
w 296 872 296 896 0
w 112 928 152 928 0
w 208 944 296 944 0
w 264 928 304 928 0
w 208 960 128 960 0
w 152 976 152 928 0
w 264 928 264 976 0
w 128 960 128 1048 0
w 296 944 296 1032 0
w 264 1016 264 1064 0
w 152 1064 152 1016 0
w 208 1048 128 1048 0
w 264 1016 312 1016 0
w 208 1032 296 1032 0
w 104 1016 152 1016 0
180 264 1064 152 1064 0 0.1 10000000000 100000000
180 152 1016 264 1016 0 0.1 10000000000 100000000
180 152 1104 264 1104 0 0.1 10000000000 100000000
180 264 1152 152 1152 0 0.1 10000000000 100000000
w 96 1104 152 1104 0
w 208 1120 296 1120 0
w 264 1104 320 1104 0
w 208 1136 128 1136 0
w 152 1152 152 1104 0
w 264 1104 264 1152 0
w 296 1032 296 1120 0
w 128 1048 128 1136 0
w 128 1136 128 1224 0
w 296 1120 296 1208 0
w 264 1192 264 1240 0
w 152 1240 152 1192 0
w 208 1224 128 1224 0
w 264 1192 328 1192 0
w 208 1208 296 1208 0
w 88 1192 152 1192 0
180 264 1240 152 1240 0 0.1 10000000000 100000000
180 152 1192 264 1192 0 0.1 10000000000 100000000
w 304 736 304 816 0
x 120 841 292 844 4 24 Bus\sTransceiver
x 203 544 389 547 4 24 Address\sCounter\s
w 352 784 56 784 0
w 56 512 56 784 0
w 56 784 56 1272 0
L -232 184 -304 184 0 1 false 5 0
x -479 245 -338 248 4 24 First\sAddress
x -453 193 -317 196 4 24 Want\sto\sread
w -24 440 -24 1104 0
w 8 504 8 1104 0
w 24 536 24 1104 0
180 800 928 720 928 1 0.1 10000000000 100000000
w 760 944 760 1056 0
180 744 960 664 960 1 0.1 10000000000 100000000
w 704 976 704 1056 0
180 688 992 608 992 1 0.1 10000000000 100000000
180 640 1024 560 1024 1 0.1 10000000000 100000000
w 648 1008 648 1056 0
w 600 1040 600 1056 0
w 720 928 544 928 0
w 520 1024 520 1080 0
w 520 992 528 992 0
w 520 960 536 960 0
w 520 928 544 928 0
w 528 992 528 1088 0
w 536 960 536 1056 0
w 544 928 544 1056 0
w 560 1024 520 1024 0
w 528 992 608 992 0
w 664 960 536 960 0
w 600 1056 648 1056 0
w 648 1056 704 1056 0
w 704 1056 760 1056 0
I 840 1056 760 1056 0 0.5 5
w 840 1056 840 1088 0
w 576 1216 360 1216 0
w 56 1272 360 1272 0
w 360 1216 360 1168 0
w 360 1168 408 1168 0
w 24 1104 24 1320 0
w 8 1104 8 1312 0
w -24 1104 -24 1296 0
w -24 1296 424 1296 0
w -8 1304 464 1304 0
w 8 1312 504 1312 0
w 24 1320 544 1320 0
w 24 1320 24 1688 0
w 8 1312 8 1688 0
w -8 1304 -8 1688 0
w -24 1296 -24 1688 0
180 544 1200 544 1136 1 0.1 10000000000 100000000
180 504 1200 504 1136 1 0.1 10000000000 100000000
180 424 1200 424 1136 1 0.1 10000000000 100000000
180 464 1200 464 1136 1 0.1 10000000000 100000000
w 360 1168 360 1136 0
w 448 1168 448 1128 0
w 488 1168 488 1120 0
w 528 1168 528 1112 0
w 448 1128 360 1128 0
w 488 1120 360 1120 0
w 528 1112 360 1112 0
w 360 1112 360 1120 0
w 360 1120 360 1128 0
w 424 1136 424 1080 0
w 464 1136 464 1088 0
w 504 1136 504 1096 0
w 544 1136 544 1056 0
w 504 1096 536 1096 0
w 536 1056 536 1096 0
w 464 1088 528 1088 0
w 424 1080 520 1080 0
w 424 1200 424 1296 0
w 464 1200 464 1304 0
w 504 1200 504 1312 0
w 544 1200 544 1320 0
w 360 1136 360 1128 0
w 360 1216 360 1272 0
w 840 1088 576 1088 0
w 576 1088 576 1216 0
L -8 1824 -8 1864 0 1 false 5 0
L -24 1824 -24 1864 0 1 false 5 0
L -40 1824 -40 1864 0 0 false 5 0
L -56 1824 -56 1864 0 0 false 5 0
M -48 1408 -48 1448 0 2.5
M -64 1408 -64 1448 0 2.5
M -80 1408 -80 1448 0 2.5
M -96 1408 -96 1448 0 2.5
x 16 1765 29 1768 4 24 8
x -5 1765 8 1768 4 24 4
x -23 1763 -10 1766 4 24 2
x -41 1763 -28 1766 4 24 1
x -109 1482 -96 1485 4 24 1
x -91 1482 -78 1485 4 24 2
x -73 1484 -60 1487 4 24 4
x -52 1484 -39 1487 4 24 8
x -80 1800 64 1803 4 24 Address\sBUS
x -142 1515 -36 1518 4 24 Data\sBUS
w 56 1272 56 1352 0
x 72 1702 90 1705 4 20 W
x 36 1706 50 1709 4 20 R
x 120 489 268 492 4 24 100us\slatency
w 400 648 400 712 0
w 528 648 528 704 0
w 656 648 656 688 0
w 784 648 784 688 0
150 688 744 608 744 1 4 5 5
w 784 688 784 760 0
w 776 752 776 688 0
w 656 688 776 688 0
w 528 704 768 704 0
w 768 704 768 736 0
w 400 712 760 712 0
w 760 712 760 728 0
w 760 728 688 728 0
w 688 736 768 736 0
w 688 752 776 752 0
w 688 760 784 760 0
w 608 744 320 744 0
w 320 744 320 680 0
w 144 752 136 752 0
w 144 720 128 720 0
L 128 720 96 720 0 1 false 5 0
162 -216 240 -288 240 2 default-led 1 0 0 0.01
g -288 240 -312 240 0 0
w 80 384 80 240 0
w 80 680 320 680 0
w -24 1296 -320 1296 0
w -8 1304 -312 1304 0
w 8 1312 -304 1312 0
w 24 1320 -296 1320 0
w 64 1344 64 1688 0
w 56 1352 56 1688 0
M -24 1688 -24 1728 0 2.5
M -8 1688 -8 1728 0 2.5
M 8 1688 8 1728 0 2.5
M 24 1688 24 1728 0 2.5
413 968 -576 1120 -576 5120 8 8 0 9 0 0 0 0 0 0 0 0 0 0 0 0 0 0 0 -1 -2
w -96 320 -96 24 0
w -80 352 -80 24 0
w -64 384 -64 24 0
w -48 416 -48 24 0
w -48 24 -48 -480 0
w -64 24 -64 -472 0
w -80 24 -80 -464 0
w -96 24 -96 -456 0
w -48 -480 144 -480 0
w -64 -472 152 -472 0
w -80 -464 160 -464 0
w -96 -456 168 -456 0
w -48 -480 -48 -520 0
w -64 -472 -64 -520 0
w -80 -464 -80 -520 0
w -96 -456 -96 -520 0
164 192 -312 280 -312 2048 4 0 0 0 0 false 0
R -288 536 -328 536 1 2 800 2.5 2.5 0 0.5
w -120 448 72 448 0
w 72 448 72 88 0
w 72 448 72 1344 0
x 91 1355 145 1358 4 24 clock
M 72 1344 112 1384 0 2.5
w 24 -432 128 -432 0
w 8 -424 128 -424 0
w -8 -416 128 -416 0
w -24 -408 272 -408 0
w -24 -408 -24 -520 0
w -8 -416 -8 -520 0
w 8 -424 8 -520 0
w 24 -432 24 -520 0
w 296 -280 296 -416 0
w 296 -416 128 -416 0
w 128 -424 304 -424 0
w 304 -424 304 -248 0
w 304 -248 288 -248 0
w 296 -280 288 -280 0
w 288 -216 312 -216 0
w 312 -216 312 -432 0
w 128 -432 312 -432 0
w 168 -456 168 -584 0
w 72 -216 72 -392 0
w 72 -392 232 -392 0
x 124 -350 193 -347 4 24 first\sIN
w 840 -760 840 200 0
w 848 -768 848 88 0
w 856 -776 856 -24 0
w 864 -784 864 -136 0
! 5\sto\s8\s(2\sdigit\s4bit)\ssep 0 IN4,IN3,IN2,IN1,IN0 D2.3,D2.2,D2.1,D2.0,\sD1.3,D1.2,D1.1,D1.0 5\sto\s8\s(2\sdigit\s4bit)\ssep 00000\q0000\s0000\n00001\q0000\s0001\n00010\q0000\s0010\n00011\q0000\s0011\n00100\q0000\s0100\n00101\q0000\s0101\n00110\q0000\s0110\n00111\q0000\s0111\n01000\q0000\s1000\n01001\q0000\s1001\n01010\q0001\s0000\n01011\q0001\s0001\n01100\q0001\s0010\n01101\q0001\s0011\n01110\q0001\s0100\n01111\q0001\s0101\n10000\q0001\s0110\n10001\q0001\s0111\n10010\q0001\s1000\n10011\q0001\s1001\n10100\q0010\s0000\n10101\q0010\s0001\n10110\q0010\s0010\n10111\q0010\s0011\n11000\q0010\s0100\n11001\q0010\s0101\n11010\q0010\s0110\n11011\q0010\s0111\n11100\q0010\s1000\n11101\q0010\s1001\n11110\q0011\s0000\n11111\q0011\s0001\n
208 1360 -112 1424 -112 0 5\sto\s8\s(2\sdigit\s4bit)\ssep 0 0 0 0 0 0 0 0
196 1168 -264 1264 -264 2 1
196 1168 -152 1264 -152 2 1
196 1168 -40 1264 -40 2 1
196 1168 72 1264 72 2 1
196 1168 184 1264 184 2 1
w 1264 184 1264 160 0
w 1264 160 1168 160 0
w 1168 160 1168 136 0
w 1264 72 1264 48 0
w 1264 48 1168 48 0
w 1168 48 1168 24 0
w 1264 -40 1264 -64 0
w 1264 -64 1168 -64 0
w 1168 -88 1168 -64 0
w 1264 -152 1264 -176 0
w 1264 -176 1168 -176 0
w 1168 -176 1168 -200 0
154 992 -232 1168 -232 0 2 0 5
154 992 -120 1168 -120 0 2 0 5
154 992 -8 1168 -8 0 2 0 5
154 992 104 1168 104 0 2 0 5
154 992 216 1168 216 0 2 0 5
w 1168 -264 1144 -264 0
w 1144 -264 1144 -176 0
w 1144 -176 960 -176 0
w 1168 -152 1144 -152 0
w 1144 -152 1144 -64 0
w 1168 -40 1144 -40 0
w 1144 -40 1144 48 0
w 1144 48 1000 48 0
w 1168 72 1144 72 0
w 1144 72 1144 160 0
w 1144 160 1000 160 0
w 1168 184 1144 184 0
w 1144 184 1144 272 0
w 1144 272 1000 272 0
w 992 -248 960 -248 0
w 992 -216 976 -216 0
w 992 -136 864 -136 0
w 976 -216 976 -104 0
w 992 -104 976 -104 0
w 976 -104 976 8 0
w 992 8 976 8 0
w 992 120 976 120 0
w 992 232 976 232 0
w 976 120 976 232 0
w 976 120 976 8 0
w 992 -24 856 -24 0
w 992 88 904 88 0
w 992 200 904 200 0
w 976 232 976 344 0
w 904 272 760 272 0
w 904 200 840 200 0
w 904 160 768 160 0
w 904 88 848 88 0
w 904 48 776 48 0
w 904 -64 784 -64 0
g 960 -176 912 -176 0 0
g 960 -248 912 -248 0 0
w 288 -64 312 -64 0
w 296 -128 288 -128 0
w 312 -96 288 -96 0
w 72 -64 192 -64 0
164 192 -160 280 -160 2048 4 0 0 0 0 false 0
w 72 -64 72 -216 0
w 296 -128 296 -184 0
w 296 -184 192 -184 0
w 192 -184 192 -160 0
w 288 -160 312 -160 0
w 296 -128 312 -128 0
w 1264 248 1296 248 0
w 1264 -200 1344 -200 0
w 1264 -88 1272 -88 0
w 1272 -88 1272 -192 0
w 1272 -192 1336 -192 0
w 1264 24 1280 24 0
w 1280 24 1280 -184 0
w 1280 -184 1328 -184 0
w 1264 136 1288 136 0
w 1288 136 1288 -176 0
w 1288 -176 1320 -176 0
w 1296 248 1296 -168 0
w 1296 -168 1312 -168 0
w 1312 -168 1312 16 0
w 1312 16 1360 16 0
w 1360 -16 1320 -16 0
w 1320 -16 1320 -176 0
w 1360 -48 1328 -48 0
w 1328 -48 1328 -184 0
w 1360 -80 1336 -80 0
w 1336 -80 1336 -192 0
w 1360 -112 1344 -112 0
w 1344 -112 1344 -200 0
w 1344 -200 1480 -200 0
w 1336 -192 1480 -192 0
w 1328 -184 1480 -184 0
w 1320 -176 1480 -176 0
w 1312 -168 1480 -168 0
157 1784 -40 1896 -40 4096 7 0 0
157 1656 -40 1864 -40 5120 7 0 0
w 1784 -72 1784 -120 0
w 1688 -72 1608 -72 0
w 1656 56 1656 104 0
w 1656 24 1640 24 0
w 1640 24 1640 104 0
w 1656 -8 1624 -8 0
w 1624 -8 1624 104 0
w 1608 -72 1608 104 0
w 1720 -72 1720 -88 0
w 1752 -72 1752 -104 0
w 1720 -88 1592 -88 0
w 1592 -88 1592 104 0
197 1560 232 1592 232 6144
w 1752 -104 1576 -104 0
w 1576 -104 1576 104 0
w 1784 -120 1560 -120 0
w 1560 -120 1560 104 0
w 1656 104 1784 104 0
w 1784 104 1784 200 0
w 1752 200 1752 120 0
w 1752 120 1640 120 0
w 1640 104 1640 120 0
w 1624 104 1624 136 0
w 1624 136 1720 136 0
w 1720 136 1720 200 0
w 1688 200 1688 152 0
w 1688 152 1608 152 0
w 1608 104 1608 152 0
w 1592 104 1592 168 0
w 1592 168 1656 168 0
w 1576 104 1576 184 0
w 1576 184 1624 184 0
w 1560 104 1560 200 0
w 1560 200 1592 200 0
w 1624 184 1624 200 0
w 1656 168 1656 200 0
197 1784 232 1816 232 7168
w 1944 56 1944 104 0
w 1944 104 1816 104 0
w 1816 104 1816 200 0
w 1944 24 1960 24 0
w 1960 24 1960 120 0
w 1960 120 1848 120 0
w 1848 120 1848 200 0
w 1880 200 1880 136 0
w 1880 136 1976 136 0
w 1976 136 1976 -8 0
w 1944 -8 1976 -8 0
w 1912 -72 1992 -72 0
w 1992 -72 1992 152 0
w 1912 200 1912 152 0
w 1912 152 1992 152 0
w 1944 200 1944 168 0
w 1944 168 2008 168 0
w 2008 168 2008 -88 0
w 2008 -88 1880 -88 0
w 1880 -88 1880 -72 0
w 1848 -72 1848 -104 0
w 1848 -104 2024 -104 0
w 2024 -104 2024 184 0
w 1976 200 1976 184 0
w 1976 184 2024 184 0
w 2008 200 2040 200 0
w 2040 200 2040 -120 0
w 2040 -120 1816 -120 0
w 1816 -120 1816 -72 0
L 192 -8 136 -8 0 0 true 5 0
164 192 -8 280 -8 2048 4 0 0 0 0 false 0
w 72 88 72 -64 0
w 1000 -608 800 -608 0
w 1032 -608 1032 -616 0
w 1032 -616 808 -616 0
w 1064 -608 1064 -624 0
w 1096 -608 1096 -632 0
w 1064 -624 816 -624 0
w 1096 -632 824 -632 0
w 288 -8 800 -8 0
w 288 24 808 24 0
w 288 56 816 56 0
w 288 88 824 88 0
w 824 -632 824 88 0
w 816 56 816 -624 0
w 808 -616 808 24 0
w 800 -608 800 -8 0
R 1256 -512 1320 -512 0 0 40 5 0 0 0.5
w 1336 -192 1336 -472 0
w 1064 -512 1064 -464 0
w 1096 -512 1096 -472 0
w 1128 -512 1128 -480 0
w 1344 -200 1344 -480 0
w 1128 -480 1344 -480 0
w 1336 -472 1096 -472 0
w 1328 -184 1328 -464 0
w 1328 -464 1064 -464 0
w 1320 -176 1320 -456 0
w 1320 -456 1032 -456 0
w 1032 -512 1032 -456 0
w 1000 -512 1000 -448 0
w 1000 -448 1312 -448 0
w 1312 -448 1312 -168 0
w 1160 -512 1160 -496 0
w 1192 -512 1192 -504 0
w 1592 328 1552 328 0
w 1624 328 1624 336 0
w 1624 336 1544 336 0
w 1456 -112 1552 -112 0
w 1552 -112 1552 328 0
w 1544 336 1544 -80 0
w 1456 -80 1544 -80 0
w 1456 -48 1536 -48 0
w 1536 -48 1536 344 0
w 1656 328 1656 344 0
w 1656 344 1536 344 0
w 1688 328 1688 352 0
w 1688 352 1528 352 0
w 1456 -16 1528 -16 0
w 1528 -16 1528 352 0
w 1456 16 1520 16 0
w 1520 16 1520 360 0
w 2008 328 2008 360 0
w 1456 48 1512 48 0
w 1512 48 1512 368 0
w 2008 360 1520 360 0
w 1512 368 1976 368 0
w 1976 328 1976 368 0
w 1944 328 1944 376 0
w 1944 376 1504 376 0
w 1456 80 1504 80 0
w 1504 80 1504 376 0
w 1912 328 1912 384 0
w 1912 384 1496 384 0
w 1456 112 1496 112 0
w 1496 112 1496 384 0
L -232 152 -304 152 2 0 false 5 0
x 1043 -1460 1237 -1457 6 100 ALU
w 160 -464 160 -616 0
w 152 -472 152 -648 0
w 144 -480 144 -680 0
L 976 344 976 408 0 0 false 5 0
x 997 408 1130 411 4 24 Substraction
168 208 -680 296 -680 2 4 0 0 0 0
w 144 -680 208 -680 0
w 152 -648 208 -648 0
w 160 -616 208 -616 0
w 168 -584 208 -584 0
w 208 -552 208 -504 0
w 208 -504 232 -504 0
180 312 -504 232 -504 1 0.1 10000000000 100000000
w 144 -480 376 -480 0
w 152 -472 384 -472 0
w 160 -464 392 -464 0
w 168 -456 400 -456 0
180 544 -504 464 -504 1 0.1 10000000000 100000000
w 440 -504 464 -504 0
w 440 -552 440 -504 0
w 400 -584 440 -584 0
w 392 -616 440 -616 0
w 384 -648 440 -648 0
w 376 -680 440 -680 0
168 440 -680 528 -680 2 4 0 0 0 0
w 376 -480 376 -680 0
w 384 -472 384 -648 0
w 392 -464 392 -616 0
w 400 -456 400 -584 0
150 -192 448 -120 448 1 3 0 5
w 272 -408 272 -448 0
w 272 -448 480 -448 0
w 232 -392 344 -392 0
w 272 -408 288 -408 0
w 288 -360 288 -312 0
w 112 -216 192 -216 0
w 288 -360 288 -408 0
w 72 -216 112 -216 0
w 272 -408 272 -360 0
I 272 -360 208 -360 0 0.5 5
w 536 -648 544 -648 0
w 536 -616 552 -616 0
w 536 -584 560 -584 0
w 480 -448 544 -448 0
w 544 -504 544 -448 0
w 320 -504 320 -384 0
w 272 -488 112 -488 0
w 504 -464 504 -488 0
w 312 -504 320 -504 0
w 320 -384 208 -384 0
422 112 -216 112 -296 0 0.000049999999999999996 2.5 5
w 112 -488 112 -376 0
w 208 -384 208 -360 0
180 112 -296 112 -376 0 0.1 10000000000 100000000
422 344 -392 432 -392 0 0.000049999999999999996 2.5 5
180 432 -392 528 -392 1 0.1 10000000000 100000000
w 480 -448 480 -408 0
w 528 -392 528 -464 0
w 528 -464 504 -464 0
w 128 -336 208 -336 0
w 208 -336 208 -360 0
x 342 -711 528 -708 4 40 Register\sA
x 100 -710 286 -707 4 40 Register\sB
x 88 -36 208 -33 4 16 Register\sCounter
x 99 -197 195 -194 4 16 RAM\sCounter
x 87 122 214 125 4 16 Out\sRAM\sCounter
w 304 -584 328 -584 0
w 304 -680 304 -784 0
w 304 -648 312 -648 0
w 312 -648 312 -776 0
w 304 -616 320 -616 0
w 320 -616 320 -768 0
w 328 -584 328 -760 0
w 304 -784 864 -784 0
w 312 -776 856 -776 0
w 320 -768 848 -768 0
w 328 -760 840 -760 0
w 536 -736 784 -736 0
w 536 -680 536 -736 0
w 544 -648 544 -728 0
w 544 -728 776 -728 0
w 552 -616 552 -720 0
w 552 -720 768 -720 0
w 560 -584 560 -712 0
w 560 -712 760 -712 0
w 784 -64 784 -736 0
w 776 48 776 -728 0
w 768 160 768 -720 0
w 760 272 760 -712 0
x 1538 -156 2136 -153 6 35 THE\slive\sSUM\sOF\sTHE\s2\sREGISTERS
422 104 184 208 184 0 0.000075 2.5 5
g 1360 -648 1400 -648 0 0
w 192 88 176 88 0
x 129 -792 270 -789 4 24 50us\slatency\s
x 895 -644 1165 -641 4 24 75us\slatency,\s4\sbit\sadress
g 1128 -608 1128 -624 0 0
g 1160 -608 1160 -624 0 0
g 1192 -608 1192 -624 0 0
g 1224 -608 1224 -624 0 0
x 338 -175 731 -172 6 24 does\sthe\sinstant\ssum\sin\sthe\s2\sregister
x 959 -405 1111 -402 4 24 ADD\s0\s:\sNULL
x 1363 -219 1524 -216 4 24 SUM\s5\sbit\sBUS
R 1312 -648 1312 -688 0 0 40 5 0 0 0.5
150 1120 -768 1208 -768 5 5 5 5
150 1120 -720 1208 -720 5 5 5 5
w 1120 -784 864 -784 0
w 856 -776 1120 -776 0
w 840 -760 1120 -760 0
w 1120 -768 848 -768 0
w 1120 -752 1096 -752 0
w 784 -736 1120 -736 0
w 1120 -728 776 -728 0
w 768 -720 1120 -720 0
w 760 -712 1120 -712 0
w 1120 -704 1096 -704 0
w 1096 -752 1096 -704 0
w 1096 -752 1096 -800 0
g 1096 -800 1072 -800 0 0
152 1208 -744 1288 -744 1 2 5 5
w 1208 -768 1208 -752 0
w 1208 -736 1208 -720 0
w 1288 -744 1288 -608 0
w 1288 -608 1256 -608 0
422 904 -64 1000 -64 0 0.000009999999999999999 2.5 5
w 1000 -64 1144 -64 0
422 904 48 1000 48 0 0.000009999999999999999 2.5 5
422 904 160 1000 160 0 0.000009999999999999999 2.5 5
422 904 272 1000 272 0 0.000009999999999999999 2.5 5
x 936 -278 1114 -275 4 30 10us\sLatency
188 -288 536 -192 536 14 16 65535
w -192 456 -192 568 0
w -192 448 -200 448 0
w -288 536 -288 512 0
w -288 512 -208 512 0
w -208 512 -208 440 0
w -192 440 -208 440 0
w -200 448 -200 152 0
w -200 152 -232 152 0
x -398 156 -317 159 4 24 ADD\sall
w -200 448 -200 608 0
I -200 608 -288 608 0 0.5 5
w -288 608 -288 568 0
w -216 144 -192 144 0
162 -192 144 -128 144 2 default-led 1 0 0 0.01
g -128 144 -128 160 0 0
I -192 568 -120 568 0 0.5 5
w -120 568 -120 472 0
w -120 472 -216 472 0
w -216 472 -216 144 0
x -196 125 -127 128 4 24 DONE
o 477 1 0 4099 0.0000762939453125 0.1 0 4 683 0 383 0 740 0
