$ 1 0.000005 0.05817778142098084 50 5 50 5e-11
L 128 176 64 176 0 1 false 5 0
L 128 208 64 208 0 1 false 5 0
L 128 240 64 240 0 1 false 5 0
L 128 272 64 272 0 1 false 5 0
x 0 212 13 215 4 24 2
x 0 183 13 186 4 24 1
x -1 244 12 247 4 24 4
x -1 277 12 280 4 24 8
x -1 533 12 536 4 24 8
x -1 500 12 503 4 24 4
x 0 439 13 442 4 24 1
x 0 468 13 471 4 24 2
L 128 528 64 528 0 1 false 5 0
L 128 496 64 496 0 1 false 5 0
L 128 464 64 464 0 1 false 5 0
L 128 432 64 432 0 1 false 5 0
x -6 136 241 139 6 40 First\sNumber
x -12 399 291 402 6 40 Second\sNumber
197 416 -560 496 -560 0
197 416 -320 432 -320 0
157 640 176 768 176 0 7 0 0
157 640 432 656 432 0 7 0 0
w 272 -80 272 176 0
w 288 -80 288 208 0
w 304 -80 304 240 0
w 320 -80 320 272 0
w 128 176 272 176 0
w 288 208 128 208 0
w 128 240 304 240 0
w 128 272 320 272 0
w 352 -224 352 432 0
w 368 -80 368 464 0
w 384 -80 384 480 0
w 128 432 352 432 0
w 368 464 128 464 0
w 128 496 384 496 0
w 384 480 384 496 0
w 128 528 400 528 0
w 400 -80 400 528 0
w 320 -80 320 -560 0
w 304 -80 304 -528 0
w 304 -528 416 -528 0
w 320 -560 416 -560 0
w 288 -80 288 -496 0
w 288 -496 416 -496 0
w 272 -80 272 -464 0
w 272 -464 416 -464 0
w 352 -224 416 -224 0
w 368 -80 368 -256 0
w 368 -256 416 -256 0
w 384 -80 384 -288 0
w 384 -288 416 -288 0
w 400 -80 400 -320 0
w 400 -320 416 -320 0
w 544 -560 656 -560 0
w 544 -128 544 -80 0
w 544 -160 560 -160 0
w 560 -160 560 -80 0
w 544 -192 576 -192 0
w 576 -192 576 -80 0
w 544 -224 592 -224 0
w 592 -224 592 -80 0
w 544 -256 608 -256 0
w 608 -256 608 -80 0
w 544 -288 624 -288 0
w 624 -288 624 -80 0
w 544 -320 640 -320 0
w 640 -320 640 -80 0
w 544 -368 688 -368 0
w 688 -368 688 -80 0
w 544 -400 704 -400 0
w 704 -400 704 -80 0
w 544 -432 720 -432 0
w 720 -432 720 -80 0
w 544 -464 736 -464 0
w 736 -464 736 -80 0
w 544 -496 752 -496 0
w 752 -496 752 -80 0
w 544 -528 768 -528 0
w 768 -528 768 -80 0
w 656 -560 784 -560 0
w 784 -560 784 -80 0
w 544 -80 416 -80 0
w 416 -80 416 592 0
w 736 560 736 576 0
w 768 560 768 592 0
w 768 592 416 592 0
w 736 576 432 576 0
w 560 -80 560 -64 0
w 560 -64 432 -64 0
w 432 -64 432 576 0
w 576 -80 576 -48 0
w 576 -48 448 -48 0
w 448 -48 448 560 0
w 448 560 704 560 0
w 592 -80 592 -32 0
w 592 -32 464 -32 0
w 464 -32 464 528 0
w 640 528 464 528 0
w 640 496 480 496 0
w 480 496 480 -16 0
w 480 -16 608 -16 0
w 608 -80 608 -16 0
w 624 -80 624 0 0
w 624 0 496 0 0
w 496 0 496 464 0
w 496 464 640 464 0
w 640 432 512 432 0
w 512 432 512 16 0
w 512 16 640 16 0
w 640 16 640 -80 0
w 688 -80 688 32 0
w 688 32 528 32 0
w 768 304 768 336 0
w 736 304 736 320 0
w 768 336 528 336 0
w 528 32 528 336 0
w 736 320 544 320 0
w 704 -80 704 48 0
w 704 48 544 48 0
w 544 48 544 320 0
w 720 -80 720 64 0
w 720 64 560 64 0
w 560 64 560 304 0
w 560 304 704 304 0
w 736 -80 736 80 0
w 736 80 576 80 0
w 576 80 576 272 0
w 576 272 640 272 0
w 640 240 592 240 0
w 592 240 592 96 0
w 592 96 752 96 0
w 752 -80 752 96 0
w 768 -80 768 112 0
w 768 112 608 112 0
w 608 112 608 208 0
w 608 208 640 208 0
w 640 176 624 176 0
w 624 176 624 128 0
w 624 128 784 128 0
w 784 128 784 -80 0
b 88 -604 953 81 0
b -42 97 951 601 0
x 87 -574 345 -571 4 35 7-seg\sDECODER
L 160 688 64 688 0 0 false 5 0
w 160 688 160 720 0
w 160 720 -112 720 0
w -112 720 -112 48 0
196 -608 -32 -512 -32 1026 1
w -512 48 -176 48 0
w 352 -224 32 -224 0
w 368 -256 32 -256 0
w 384 -288 -32 -288 0
w 400 -320 32 -320 0
w 272 -464 32 -464 0
w 288 -496 32 -496 0
w 304 -528 -32 -528 0
w 320 -560 -48 -560 0
154 -256 0 -384 0 0 2 5 5
w -256 16 -144 16 0
w -144 16 -144 -224 0
w -144 -224 32 -224 0
w -256 -16 -112 -16 0
w -608 32 -640 32 0
w -512 32 -512 48 0
w -384 0 -512 0 0
w -512 -32 -16 -32 0
w 32 -464 0 -464 0
w 0 -464 0 -32 0
w 0 -32 -16 -32 0
w -608 -32 -608 -64 0
w -176 48 -112 48 0
w -112 48 -96 48 0
w -96 48 -96 -16 0
w -96 -16 -112 -16 0
w -112 -16 -112 -96 0
w -608 -176 -608 -208 0
w -512 -176 -16 -176 0
w -384 -144 -512 -144 0
w -512 -112 -512 -96 0
w -608 -112 -656 -112 0
w -256 -160 -112 -160 0
w -256 -128 -32 -128 0
154 -256 -144 -384 -144 0 2 5 5
196 -608 -176 -512 -176 1026 1
w -608 -64 -512 -64 0
w -512 -64 -512 -96 0
w -16 -176 -16 -496 0
w -16 -496 32 -496 0
w -32 -256 32 -256 0
w -32 -256 -32 -160 0
w -608 -208 -512 -208 0
w -96 -128 -96 -160 0
w -112 -160 -112 -256 0
w -96 -128 -96 -96 0
w -96 -96 -112 -96 0
w -96 -160 -112 -160 0
w -32 -160 -32 -128 0
w -608 -352 -512 -352 0
w -512 -208 -512 -240 0
196 -608 -320 -512 -320 1026 1
154 -256 -288 -384 -288 0 2 5 5
w -256 -272 -32 -272 0
w -256 -304 -112 -304 0
w -608 -256 -672 -256 0
w -512 -256 -512 -240 0
w -384 -288 -512 -288 0
w -608 -320 -608 -352 0
w -32 -320 -32 -528 0
w -112 -256 -96 -256 0
w -96 -256 -96 -304 0
w -96 -304 -112 -304 0
w -112 -304 -112 -384 0
w -512 -320 -32 -320 0
w -32 -272 -32 -288 0
w -608 -448 -608 -480 0
w -384 -416 -512 -416 0
w -512 -384 -512 -352 0
w -608 -384 -688 -384 0
196 -608 -448 -512 -448 1026 1
w -608 -480 -512 -480 0
w -112 -384 -96 -384 0
w -96 -384 -96 -432 0
w -256 -432 -112 -432 0
w -96 -432 -112 -432 0
w -48 -560 -48 -448 0
w -512 -448 -48 -448 0
w 32 -320 32 -400 0
w -256 -400 32 -400 0
x -917 -563 -852 -560 4 35 ALU
w -640 32 -640 144 0
w -656 -112 -656 128 0
w -672 -256 -672 112 0
w -688 -384 -688 96 0
w -112 -432 -112 -560 0
154 -256 -416 -384 -416 0 2 5 5
w -512 -480 -512 -512 0
196 -608 -576 -512 -576 1026 1
w -608 -512 -704 -512 0
w -368 -544 -512 -544 0
154 -240 -544 -368 -544 0 2 0 5
w -112 -560 -240 -560 0
g -512 -576 -464 -576 0 0
g -240 -528 -208 -528 0 0
b 61 76 -985 -858 0
w -592 224 -592 272 0
w -368 224 -592 224 0
w -368 544 -368 224 0
w -400 544 -368 544 0
w -432 528 -384 528 0
w -432 544 -432 528 0
w -384 240 -384 528 0
w -560 240 -384 240 0
w -560 272 -560 240 0
w -528 256 -528 272 0
w -400 256 -528 256 0
w -400 512 -400 256 0
w -464 512 -400 512 0
w -464 544 -464 512 0
w -496 496 -416 496 0
w -496 544 -496 496 0
w -416 272 -416 496 0
w -496 272 -416 272 0
w -464 336 -432 336 0
w -432 480 -432 336 0
w -528 480 -432 480 0
w -528 544 -528 480 0
w -560 464 -560 544 0
w -448 464 -560 464 0
w -448 368 -448 464 0
w -464 368 -448 368 0
w -592 448 -592 544 0
w -464 448 -592 448 0
w -464 400 -464 448 0
197 -624 576 -592 576 7168
w -752 512 -752 544 0
w -784 528 -784 544 0
w -848 544 -816 544 0
w -848 448 -848 544 0
w -832 528 -784 528 0
w -832 448 -832 528 0
w -816 512 -752 512 0
w -816 448 -816 512 0
w -800 448 -800 496 0
w -720 496 -800 496 0
w -720 544 -720 496 0
w -688 480 -688 544 0
w -784 480 -688 480 0
w -784 448 -784 480 0
w -768 448 -768 464 0
w -656 464 -768 464 0
w -656 544 -656 464 0
w -624 448 -624 544 0
w -752 448 -624 448 0
w -848 224 -848 448 0
w -624 224 -848 224 0
w -832 240 -832 448 0
w -656 240 -832 240 0
197 -848 576 -816 576 6144
w -816 256 -816 448 0
w -688 256 -816 256 0
w -656 272 -656 240 0
w -688 272 -688 256 0
w -800 272 -800 448 0
w -784 336 -784 448 0
w -752 336 -784 336 0
w -768 368 -768 448 0
w -752 368 -768 368 0
w -752 400 -752 448 0
w -720 272 -800 272 0
w -624 272 -624 224 0
157 -752 304 -544 304 5120 7 0 0
157 -624 304 -512 304 4096 7 0 0
w -608 -576 -624 -576 0
w -704 -512 -704 80 0
w -704 80 -1408 80 0
w -672 112 -1440 112 0
w -656 128 -1120 128 0
w -640 144 -1472 144 0
w -1120 128 -1456 128 0
w -784 672 -784 688 0
w -752 672 -752 704 0
w -720 672 -720 720 0
! 5\sto\s8\s(2\sdigit\s4bit)\ssep 0 IN4,IN3,IN2,IN1,IN0 D2.3,D2.2,D2.1,D2.0,\sD1.3,D1.2,D1.1,D1.0 5\sto\s8\s(2\sdigit\s4bit)\ssep 00000\q0000\s0000\n00001\q0000\s0001\n00010\q0000\s0010\n00011\q0000\s0011\n00100\q0000\s0100\n00101\q0000\s0101\n00110\q0000\s0110\n00111\q0000\s0111\n01000\q0000\s1000\n01001\q0000\s1001\n01010\q0001\s0000\n01011\q0001\s0001\n01100\q0001\s0010\n01101\q0001\s0011\n01110\q0001\s0100\n01111\q0001\s0101\n10000\q0001\s0110\n10001\q0001\s0111\n10010\q0001\s1000\n10011\q0001\s1001\n10100\q0010\s0000\n10101\q0010\s0001\n10110\q0010\s0010\n10111\q0010\s0011\n11000\q0010\s0100\n11001\q0010\s0101\n11010\q0010\s0110\n11011\q0010\s0111\n11100\q0010\s1000\n11101\q0010\s1001\n11110\q0011\s0000\n11111\q0011\s0001\n
208 -1392 256 -1328 256 0 5\sto\s8\s(2\sdigit\s4bit)\ssep 0 0 5 5 0 0 0 0
w -1392 256 -1408 256 0
w -1408 256 -1408 80 0
w -1392 288 -1424 288 0
w -1424 288 -1424 96 0
w -1392 320 -1440 320 0
w -1440 320 -1440 112 0
w -1392 352 -1456 352 0
w -1456 352 -1456 128 0
w -1392 384 -1472 384 0
w -688 96 -1424 96 0
w -816 672 -1232 672 0
w -784 688 -1216 688 0
w -752 704 -1200 704 0
w -720 720 -992 720 0
w -1296 384 -1248 384 0
w -1296 448 -1280 448 0
w -1296 416 -1264 416 0
w -992 720 -1184 720 0
w -496 672 -496 752 0
w -496 752 -1296 752 0
w -464 672 -464 768 0
w -464 768 -1280 768 0
w -432 672 -432 784 0
w -432 784 -1264 784 0
w -400 672 -400 800 0
w -400 800 -1248 800 0
w -1472 384 -1472 144 0
w -1296 480 -1296 752 0
w -1280 448 -1280 768 0
w -1264 416 -1264 784 0
w -1248 800 -1248 384 0
w -1184 720 -1184 352 0
w -1296 352 -1184 352 0
w -1200 704 -1200 320 0
w -1296 320 -1200 320 0
w -1216 688 -1216 288 0
w -1296 288 -1216 288 0
w -1232 672 -1232 256 0
w -1296 256 -1232 256 0
