$ 3 0.0000049999999999999996 21.593987231061412 50 5 50 5e-11
413 304 176 352 176 0 4 4 0 1 2 3 4 5 6 1 1 1 1 1 1 1 1 1 1 -1 -2
164 184 176 216 176 0 5 0 0 0 0 0 false 0
R 304 176 304 120 0 0 40 5 0 0 0.5
R 64 144 -32 144 1 2 2000 2.5 2.5 0 0.5
168 304 336 432 336 2 5 5 5 5 5 5
w 160 176 160 496 0
w 160 496 304 496 0
w 304 368 272 368 0
w 304 400 280 400 0
w 304 336 264 336 0
w 288 432 288 528 0
w 280 400 280 536 0
w 272 368 272 544 0
w 264 336 264 552 0
196 456 176 512 176 2 5
w 288 528 560 528 0
w 568 536 280 536 0
w 272 544 576 544 0
w 584 552 264 552 0
g 400 176 400 128 0 0
w 400 208 456 208 0
w 400 240 456 240 0
w 400 272 456 272 0
w 400 304 456 304 0
w 280 176 280 144 0
w 280 144 168 144 0
w 280 208 304 208 0
w 280 240 304 240 0
w 304 272 280 272 0
w 280 304 304 304 0
w 168 144 168 208 0
w 168 304 184 304 0
w 160 176 184 176 0
w 304 464 296 464 0
w 296 464 296 520 0
w 288 432 304 432 0
w 296 520 552 520 0
w 552 368 552 520 0
w 560 528 560 336 0
w 568 536 568 304 0
w 576 544 576 272 0
w 584 552 584 240 0
w 552 240 584 240 0
w 552 272 576 272 0
w 568 304 552 304 0
w 560 336 552 336 0
188 64 144 128 144 14 32 1431655765
w 168 208 168 304 0
w 792 464 792 736 0
w 752 464 792 464 0
w 1208 736 792 736 0
w 1208 680 1208 736 0
w 800 432 800 728 0
w 752 432 800 432 0
w 1240 728 800 728 0
w 1240 680 1240 728 0
w 1272 680 1272 720 0
w 808 720 1272 720 0
w 1304 712 816 712 0
w 808 400 808 720 0
w 752 400 808 400 0
w 1304 680 1304 712 0
w 816 368 816 712 0
w 752 368 816 368 0
w 824 336 824 704 0
w 752 336 824 336 0
w 984 704 824 704 0
w 984 680 984 704 0
w 952 696 832 696 0
w 952 680 952 696 0
w 832 304 832 696 0
w 752 304 832 304 0
w 752 272 840 272 0
w 840 688 840 272 0
w 848 240 848 680 0
w 752 240 848 240 0
w 920 688 840 688 0
w 920 680 920 688 0
w 888 680 848 680 0
w 1112 232 1112 280 0
w 1336 232 1112 232 0
w 1336 552 1336 232 0
w 1304 552 1336 552 0
w 1272 536 1320 536 0
w 1272 552 1272 536 0
w 1320 248 1320 536 0
w 1144 248 1320 248 0
w 1144 280 1144 248 0
w 1176 264 1176 280 0
w 1304 264 1176 264 0
w 1304 520 1304 264 0
w 1240 520 1304 520 0
w 1240 552 1240 520 0
w 1208 504 1288 504 0
w 1208 552 1208 504 0
w 1288 280 1288 504 0
w 1208 280 1288 280 0
w 1240 344 1272 344 0
w 1272 488 1272 344 0
w 1176 488 1272 488 0
w 1176 552 1176 488 0
w 1144 472 1144 552 0
w 1256 472 1144 472 0
w 1256 376 1256 472 0
w 1240 376 1256 376 0
w 1112 456 1112 552 0
w 1240 456 1112 456 0
w 1240 408 1240 456 0
197 1080 584 1112 584 7168
w 952 520 952 552 0
w 920 536 920 552 0
w 856 552 888 552 0
w 856 456 856 552 0
w 872 536 920 536 0
w 872 456 872 536 0
w 888 520 952 520 0
w 888 456 888 520 0
w 904 456 904 504 0
w 984 504 904 504 0
w 984 552 984 504 0
w 1016 488 1016 552 0
w 920 488 1016 488 0
w 920 456 920 488 0
w 936 456 936 472 0
w 1048 472 936 472 0
w 1048 552 1048 472 0
w 1080 456 1080 552 0
w 952 456 1080 456 0
w 856 232 856 456 0
w 1080 232 856 232 0
w 872 248 872 456 0
w 1048 248 872 248 0
197 856 584 888 584 6144
w 888 264 888 456 0
w 1016 264 888 264 0
w 1048 280 1048 248 0
w 1016 280 1016 264 0
w 904 280 904 456 0
w 920 344 920 456 0
w 952 344 920 344 0
w 936 376 936 456 0
w 952 376 936 376 0
w 952 408 952 456 0
w 984 280 904 280 0
w 1080 280 1080 232 0
157 952 312 1160 312 5120 7 0 0
157 1080 312 1192 312 4096 7 0 0
! 5\sto\s8\s(2\sdigit\s4bit)\ssep 0 IN4,IN3,IN2,IN1,IN0 D2.3,D2.2,D2.1,D2.0,\sD1.3,D1.2,D1.1,D1.0 5\sto\s8\s(2\sdigit\s4bit)\ssep 00000\q0000\s0000\n00001\q0000\s0001\n00010\q0000\s0010\n00011\q0000\s0011\n00100\q0000\s0100\n00101\q0000\s0101\n00110\q0000\s0110\n00111\q0000\s0111\n01000\q0000\s1000\n01001\q0000\s1001\n01010\q0001\s0000\n01011\q0001\s0001\n01100\q0001\s0010\n01101\q0001\s0011\n01110\q0001\s0100\n01111\q0001\s0101\n10000\q0001\s0110\n10001\q0001\s0111\n10010\q0001\s1000\n10011\q0001\s1001\n10100\q0010\s0000\n10101\q0010\s0001\n10110\q0010\s0010\n10111\q0010\s0011\n11000\q0010\s0100\n11001\q0010\s0101\n11010\q0010\s0110\n11011\q0010\s0111\n11100\q0010\s1000\n11101\q0010\s1001\n11110\q0011\s0000\n11111\q0011\s0001\n
208 656 240 720 240 0 5\sto\s8\s(2\sdigit\s4bit)\ssep 0 0 5 5 0 0 0 5
w 440 464 440 568 0
w 408 336 408 600 0
w 440 568 656 568 0
w 432 576 648 576 0
w 656 568 656 368 0
w 656 336 648 336 0
w 648 336 648 576 0
w 656 304 640 304 0
w 640 304 640 584 0
w 656 272 632 272 0
w 656 240 624 240 0
w 632 272 632 592 0
w 624 240 624 600 0
w 640 584 424 584 0
w 400 336 408 336 0
w 400 368 416 368 0
w 416 368 416 592 0
w 400 400 424 400 0
w 424 400 424 584 0
w 400 432 432 432 0
w 432 432 432 576 0
w 400 464 440 464 0
w 632 592 416 592 0
w 408 600 624 600 0
w 408 336 456 336 0
w 416 368 456 368 0
w 456 400 424 400 0
w 456 432 432 432 0
w 456 464 440 464 0
w 456 496 456 560 0
w 456 560 376 560 0
g 376 560 376 600 0 0
L 64 176 -24 176 0 0 false 5 0
x 1040 187 1195 190 4 40 UP\sto\s31
x -106 182 -44 185 4 24 Reset
x 638 164 1028 167 4 24 TODO:\sadd\sup\sto\s240\s(8bit\sdecoder\s)
x 679 195 825 198 4 24 8\sbit\s3\sdisplay
