$ 3 0.000005 9.78399845368213 50 5 50 5e-11
155 240 256 304 256 0 0
155 464 256 528 256 0 0
155 672 256 736 256 0 0
w 672 288 656 288 0
w 656 288 656 368 0
w 656 368 464 368 0
w 464 288 464 368 0
w 464 368 240 368 0
w 240 288 240 368 0
w 240 368 208 368 0
w 96 296 96 184 0
150 192 176 240 176 1 2 0 5
w 192 184 96 184 0
w 96 184 96 152 0
w 96 152 320 152 0
w 416 184 320 184 0
150 416 176 464 176 1 2 0 5
w 320 184 320 152 0
w 752 184 752 152 0
150 848 176 896 176 1 2 0 5
w 848 184 752 184 0
w 320 152 528 152 0
w 624 184 528 184 0
150 624 176 672 176 1 2 0 5
w 528 184 528 152 0
w 528 152 752 152 0
w 752 152 920 152 0
w 880 368 656 368 0
w 880 288 880 368 0
w 896 288 880 288 0
155 896 256 960 256 0 0
180 240 176 240 256 0 0.1 10000000000 100000000
w 192 184 192 216 0
w 192 216 224 216 0
w 416 216 448 216 0
w 416 184 416 216 0
180 464 176 464 256 0 0.1 10000000000 100000000
180 672 176 672 256 0 0.1 10000000000 100000000
w 624 184 624 216 0
w 624 216 656 216 0
w 848 216 880 216 0
w 848 184 848 216 0
180 896 176 896 256 0 0.1 10000000000 100000000
w 208 344 208 304 0
155 264 416 328 416 0 0
w 240 368 240 448 0
w 240 448 264 448 0
w 360 480 368 480 0
w 368 480 368 448 0
w 368 392 264 392 0
w 264 392 264 416 0
w 224 352 224 288 0
w 224 288 208 288 0
150 208 296 136 296 1 2 0 5
w 136 296 96 296 0
w 416 392 416 416 0
w 520 392 416 392 0
w 520 480 520 448 0
w 512 480 520 480 0
w 392 448 416 448 0
155 416 416 480 416 0 0
w 368 448 392 448 0
w 368 448 368 392 0
180 336 256 464 256 0 0.1 10000000000 100000000
w 336 256 336 248 0
w 336 248 376 248 0
w 376 248 376 280 0
w 376 280 400 280 0
w 400 280 400 272 0
w 616 280 616 272 0
w 592 280 616 280 0
w 592 248 592 280 0
w 560 248 592 248 0
180 560 256 672 256 0 0.1 10000000000 100000000
w 560 248 560 256 0
180 784 256 896 256 0 0.1 10000000000 100000000
w 768 248 816 248 0
w 816 248 816 280 0
w 816 280 840 280 0
w 840 280 840 272 0
w 768 248 768 256 0
w 784 256 768 256 0
w 1608 256 1592 256 0
w 1592 248 1592 256 0
w 1664 280 1664 272 0
w 1640 280 1664 280 0
w 1640 248 1640 280 0
w 1592 248 1640 248 0
180 1608 256 1720 256 0 0.1 10000000000 100000000
w 1384 248 1384 256 0
180 1384 256 1496 256 0 0.1 10000000000 100000000
w 1384 248 1416 248 0
w 1416 248 1416 280 0
w 1416 280 1440 280 0
w 1440 280 1440 272 0
w 1224 280 1224 272 0
w 1200 280 1224 280 0
w 1200 248 1200 280 0
w 1160 248 1200 248 0
w 1160 256 1160 248 0
180 1160 256 1288 256 0 0.1 10000000000 100000000
180 1720 176 1720 256 0 0.1 10000000000 100000000
w 1672 184 1672 216 0
w 1672 216 1704 216 0
w 1448 216 1480 216 0
w 1448 184 1448 216 0
180 1496 176 1496 256 0 0.1 10000000000 100000000
180 1288 176 1288 256 0 0.1 10000000000 100000000
w 1240 184 1240 216 0
w 1240 216 1272 216 0
w 1016 216 1048 216 0
w 1016 184 1016 216 0
180 1064 176 1064 256 0 0.1 10000000000 100000000
155 1720 256 1784 256 0 0
w 1576 152 1744 152 0
w 1352 152 1576 152 0
w 1352 184 1352 152 0
150 1448 176 1496 176 1 2 0 5
w 1448 184 1352 184 0
w 1144 152 1352 152 0
w 1672 184 1576 184 0
150 1672 176 1720 176 1 2 0 5
w 1576 184 1576 152 0
w 1144 184 1144 152 0
150 1240 176 1288 176 1 2 0 5
w 1240 184 1144 184 0
w 920 152 1144 152 0
w 1016 184 920 184 0
150 1016 176 1064 176 1 2 0 5
155 1496 256 1560 256 0 0
155 1288 256 1352 256 0 0
155 1064 256 1128 256 0 0
w 920 184 920 152 0
w 880 368 1048 368 0
w 1064 288 1048 288 0
w 1048 288 1048 368 0
w 1048 368 1272 368 0
w 1288 288 1272 288 0
w 1272 288 1272 368 0
w 1272 368 1480 368 0
w 1496 288 1480 288 0
w 1480 288 1480 368 0
w 1480 368 1704 368 0
w 1720 288 1704 288 0
w 1704 288 1704 368 0
w 992 248 992 256 0
180 992 256 1056 256 0 0.1 10000000000 100000000
w 1000 248 1000 280 0
w 1000 280 1024 280 0
w 1024 272 1024 280 0
w 992 248 1000 248 0
w 1056 256 1064 256 0
207 208 368 120 368 4 Clock
207 208 344 120 344 4 LdE
207 416 168 416 80 4 I1
207 848 168 848 80 4 I3
207 624 168 624 80 4 I2
207 1448 168 1448 80 4 I6
207 1672 168 1672 80 4 I7
207 1240 168 1240 80 4 I5
207 1016 168 1016 80 4 I4
207 336 256 336 304 4 Q0
207 560 256 560 304 4 Q1
207 768 256 768 304 4 Q2
207 992 256 992 304 4 Q3
207 1160 256 1160 304 4 Q4
207 1384 256 1384 304 4 Q5
207 1592 256 1592 304 4 Q6
207 1816 256 1816 304 4 Q7
155 544 416 608 416 0 0
w 520 448 544 448 0
w 640 480 648 480 0
w 648 480 648 448 0
w 648 392 544 392 0
w 544 392 544 416 0
w 520 448 520 392 0
w 528 352 224 352 0
w 512 416 528 416 0
w 528 352 784 352 0
w 672 392 672 416 0
w 776 392 672 392 0
w 776 480 776 392 0
w 768 480 776 480 0
w 648 448 672 448 0
155 672 416 736 416 2 0
w 648 392 648 448 0
w 768 416 784 416 0
w 784 416 784 352 0
w 784 416 784 520 0
w 672 480 672 520 0
422 784 520 672 520 0 0.015 2.5 5
207 192 168 192 80 4 I0
o 51 32 3 4099 5 0.00009765625 0 1
o 187 32 0 4099 5 0.00009765625 1 2 187 3
